# Workload-specific top two experts per layer.
# Generated from expert_trace.jsonl; validate with an A/B benchmark before enabling.
0 126 85
1 32 0
2 53 65
3 173 87
4 103 161
5 12 134
6 119 91
7 174 209
8 39 131
9 194 72
10 136 224
11 30 186
12 105 242
13 148 129
14 60 225
15 129 5
16 109 250
17 4 200
18 206 208
19 148 165
20 109 63
21 131 167
22 52 67
23 242 213
24 54 183
25 206 64
26 130 94
27 128 140
28 166 231
29 44 45
30 12 96
31 94 180
32 141 211
33 68 137
34 18 121
35 170 8
36 104 10
37 203 128
38 253 122
39 217 29
40 144 34
41 203 232
42 209 137
