# DeepSeek V4 Flash 0731 two hottest routed experts per layer.
# Derived from 107 prefill tokens across sequence, arithmetic, and multi-turn
# conversation traces. Format: LAYER EXPERT [EXPERT]
0 216 154
1 19 205
2 63 53
3 122 241
4 28 91
5 10 101
6 1 203
7 233 141
8 28 128
9 191 106
10 40 89
11 94 41
12 177 14
13 4 53
14 235 185
15 27 83
16 205 30
17 167 231
18 179 183
19 110 122
20 219 111
21 61 142
22 30 147
23 180 170
24 27 64
25 53 157
26 191 80
27 25 172
28 79 209
29 226 140
30 111 191
31 102 245
32 193 224
33 90 58
34 44 14
35 143 53
36 106 87
37 55 242
38 27 63
39 183 59
40 104 175
41 253 183
42 160 96
